36  4  0
    1       8     6     2    18
    2       4     1     3     5
    3       6     9    15    18
    4       3    17    16     2
    5      16     3     2    18
    6      10     4     1     3
    7      13    10    11    16
    8      11    10    14    16
    9      16     3    18    12
   10       1    10     3     6
   11       8     1     3     6
   12       4     1     7     6
   13       4    10     1     6
   14       6    15     2    18
   15      10    19     6    15
   16       9    10     6    15
   17       3     8     2    18
   18      10    19    15    14
   19      19    10    20    14
   20       9    10    15    14
   21      10     9    11    14
   22      10    20    14    17
   23       3    10    13    16
   24      10     3    17    16
   25      14    10    17    16
   26      13     3    16    12
   27      19     6    15     2
   28       3     8     6     2
   29       3    10    17     2
   30      10    20    17     2
   31      10    19    20     2
   32      10     3     6     2
   33      19    10     6     2
   34       3     8    18    12
   35       6     9    18    12
   36       8     6    18    12
# Generated by tetgen Caja4.stl 
