20  3  0  0
   1    0.57466640000000002  0.94239499999999998  -8.5561520000000009
   2    1.033841  0.78761119999999996  9.2041419999999992
   3    0.57466640000000002  -0.19957759999999999  -6.72682
   4    -0.52652140000000003  -0.19957759999999999  -8.5561520000000009
   5    0.57466640000000002  -0.19957759999999999  -8.5561520000000009
   6    -0.52652140000000003  0.94239499999999998  -6.72682
   7    -0.52652140000000003  0.94239499999999998  -8.5561520000000009
   8    0.57466640000000002  0.94239499999999998  -6.72682
   9    -5.459441  4.9620480000000002  -3.7425830000000002
  10    -0.52652140000000003  -0.19957759999999999  -6.72682
  11    -5.459441  -4.7660289999999996  -3.7425830000000002
  12    5.2104739999999996  4.9620480000000002  -3.7425830000000002
  13    5.2104739999999996  -4.7660289999999996  -3.7425830000000002
  14    -5.459441  -4.7660289999999996  5.6180649999999996
  15    -5.459441  4.9620480000000002  5.6180649999999996
  16    5.2104739999999996  -4.7660289999999996  5.6180649999999996
  17    1.033841  -0.59159349999999999  9.2041419999999992
  18    5.2104739999999996  4.9620480000000002  5.6180649999999996
  19    -1.285005  0.78761119999999996  9.2041419999999992
  20    -1.285005  -0.59159349999999999  9.2041419999999992
# Generated by tetgen Caja4.stl 
